61.58637619018555
63.50988221168518
60.821441411972046
60.75918626785278
64.53576707839966
65.13880920410156
59.208898067474365
64.04113149642944
61.8500440120697
57.09506154060364
60.479273080825806
63.607428550720215
55.075974464416504
60.205875635147095
62.96755027770996
54.63297200202942
61.313772439956665
63.36074256896973
53.561665296554565
59.402315616607666
63.25066328048706
59.512824296951294
62.69375991821289
60.01586103439331
57.17702126502991
62.82625603675842
57.16877722740173
62.7318389415741
63.03789925575256
63.438600063323975
63.76237511634827
63.2097544670105
63.16556930541992
63.353161334991455
54.546788930892944
63.449177265167236
58.758814573287964
60.86438822746277
57.23972535133362
62.24037528038025
58.488884925842285
62.42992544174194
61.747899532318115
61.74183368682861
56.35261583328247
57.6653196811676
59.06159973144531
59.29421591758728
63.42595386505127
63.10958552360535
59.92352771759033
61.085050106048584
61.22080659866333
54.593143939971924
59.814048767089844
57.56134223937988
63.34028244018555
62.79198694229126
58.42759990692139
62.046255111694336
63.587085008621216
63.33185625076294
60.252037048339844
60.313517808914185
60.778870582580566
62.584514141082764
60.68505072593689
58.24765968322754
62.22241520881653
60.70693492889404
61.13823962211609
53.673595905303955
59.90763759613037
57.97723650932312
52.934890270233154
59.96084642410278
59.30358362197876
60.98651480674744
55.36051058769226
61.59144043922424
57.78747797012329
59.46357321739197
59.563008308410645
55.26157546043396
60.762624740600586
62.818294048309326
61.692065954208374
61.829416036605835
58.973825454711914
53.89928460121155
61.31533241271973
59.46971392631531
61.55737543106079
53.48456597328186
63.670602798461914
62.50817608833313
59.43922162055969
61.63732290267944
58.22505044937134
59.88148903846741
61.39863467216492
57.25382733345032
62.68175292015076
56.8232147693634
59.940123558044434
63.21899938583374
63.38050317764282
53.752578020095825
61.981651067733765
59.93265390396118
62.2115740776062
59.44400238990784
59.935892820358276
55.80104637145996
60.229761838912964
62.59864616394043
60.319998264312744
61.97943115234375
61.81058311462402
53.91683793067932
59.59357666969299
53.86425304412842
61.98040580749512
62.49402332305908
59.58311748504639
62.86106896400452
59.537893533706665
53.30153751373291
63.47489929199219
63.03130269050598
61.1913959980011
63.8712797164917
63.62755990028381
63.4928560256958
62.450918436050415
61.66858673095703
56.883902072906494
61.843910932540894
59.46147894859314
57.16209864616394
60.20119619369507
60.58554220199585
64.20259928703308
63.47257375717163
59.79613637924194
58.87726807594299
63.177024841308594
54.114609479904175
60.71028780937195
53.96064496040344
60.68107295036316
61.832531452178955
61.78890109062195
62.93897008895874
60.168959617614746
61.95698952674866
61.287933111190796
60.924593687057495
59.688241481781006
67.88160395622253
65.47656679153442
71.16506814956665
66.9636812210083
59.14131736755371
74.05360865592957
68.17501902580261
64.61776089668274
62.04100203514099
53.12584972381592
59.127068281173706
64.24435472488403
63.29684829711914
58.93597984313965
63.41818428039551
65.01950740814209
54.85924577713013
63.81823134422302
60.90409970283508
63.17759037017822
61.4100923538208
68.63531422615051
59.82751393318176
63.767502784729004
63.22787427902222
62.86622190475464
61.80957770347595
62.17444086074829
61.549275159835815
62.73038721084595
57.966519355773926
62.94290471076965
61.85205388069153
64.5979323387146
63.28590726852417
64.03918862342834
63.29376792907715
63.020057678222656
61.10018992424011
63.087998390197754
64.3106575012207
64.12114524841309
58.36815929412842
61.336379289627075
60.21401238441467
63.88101029396057
65.39586758613586
63.24227499961853
63.25356650352478
63.408382415771484
62.89418864250183
63.34394907951355
60.23873043060303
63.235899209976196
57.83815884590149
65.17060208320618
62.22344088554382
64.22071576118469
65.3099672794342
62.42723321914673
63.24062967300415
62.62590050697327
64.03721857070923
62.90400695800781
65.087886095047
61.590205907821655
63.1994194984436
63.517592906951904
61.285133361816406
61.693042516708374
63.27501678466797
63.76837611198425
56.879101037979126
64.70781517028809
63.38265085220337
61.3578667640686
60.69268298149109
63.197556018829346
64.1722948551178
61.48575758934021
62.792744874954224
63.0067183971405
55.24508213996887
63.48978805541992
62.01405715942383
60.93695139884949
61.7981390953064
62.404662132263184
59.5974338054657
62.83400082588196
61.07330012321472
63.658459186553955
63.30373811721802
64.24671816825867
64.19329261779785
55.91798973083496
65.138103723526
65.59915924072266
61.78938603401184
62.76543641090393
63.95910596847534
67.1787326335907
63.247626304626465
65.54612636566162
63.197699785232544
64.34609174728394
65.69511461257935
65.02185487747192
58.37034034729004
64.35269165039062
63.36656713485718
64.35126686096191
63.69582390785217
65.55760431289673
64.47586727142334
64.9186224937439
64.34379005432129
63.874332904815674
65.00733470916748
64.9667592048645
56.854114055633545
64.7234570980072
66.15478038787842
64.9778745174408
61.62897515296936
61.11719608306885
64.73991417884827
64.81446933746338
64.20787739753723
60.1898832321167
63.3987250328064
63.39459848403931
64.11007285118103
63.6341826915741
62.50724172592163
65.48049354553223
65.22401571273804
64.5894763469696
64.04845213890076
65.0225715637207
65.6626136302948
66.54333782196045
64.86853671073914
64.7738869190216
62.48872494697571
64.25571084022522
61.6460542678833
61.56137228012085
64.20415806770325
65.67758250236511
61.19270634651184
61.21805763244629
62.35013508796692
65.91901445388794
65.59749460220337
65.72872424125671
58.11884045600891
64.95221734046936
61.26334762573242
56.240086793899536
65.28959703445435
64.8937394618988
65.4546422958374
64.41409540176392
66.13191556930542
65.1323082447052
61.66267991065979
65.27262258529663
63.72549247741699
64.12395191192627
54.74171733856201
63.885557889938354
61.48215293884277
64.95907831192017
50.45300841331482
58.612191677093506
55.046746492385864
63.01713037490845
66.64674758911133
68.8166127204895
65.48247289657593
68.82225608825684
65.58268713951111
65.22916007041931
62.68450975418091
69.53639912605286
63.885863065719604
69.5440423488617
66.23872375488281
69.4279797077179
68.75000286102295
60.10509896278381
69.24713397026062
62.555264711380005
68.16953706741333
66.01698994636536
67.6198341846466
68.04594540596008
62.82803726196289
63.04378628730774
54.64258408546448
63.444862604141235
60.44810676574707
62.37294363975525
56.74436283111572
62.32797074317932
60.84063911437988
57.065776348114014
63.08222579956055
63.784064054489136
63.47022294998169
63.28853130340576
62.09834337234497
63.87827777862549
53.552756786346436
62.33215856552124
63.378464221954346
64.21269392967224
56.374945402145386
64.42035841941833
64.14220356941223
63.9017767906189
64.24406504631042
64.212233543396
64.06331467628479
59.883174419403076
64.13992953300476
64.34573078155518
61.17105293273926
63.8432412147522
61.65604639053345
63.63695812225342
53.667028188705444
63.62318134307861
63.44127178192139
62.61966061592102
60.070234537124634
59.666821002960205
62.95410776138306
64.25823783874512
60.40062737464905
62.45765495300293
63.12898921966553
62.48529362678528
64.37148642539978
64.44522595405579
63.57616472244263
66.23481178283691
65.99817872047424
66.7794098854065
62.73408532142639
66.07461953163147
65.78949022293091
63.38548135757446
63.82638382911682
63.45229935646057
62.860427141189575
57.762428522109985
62.93253016471863
63.42437529563904
61.401639223098755
63.408607006073
62.7588837146759
60.274543046951294
62.72913599014282
62.92491173744202
63.26971459388733
63.59479069709778
65.05749297142029
63.486284017562866
63.55397057533264
61.86362862586975
64.15711760520935
64.66248488426208
64.94021844863892
56.02544927597046
65.12129878997803
63.9416401386261
63.35498785972595
64.75265836715698
63.53827357292175
64.72038626670837
59.94555163383484
63.38858366012573
61.16727352142334
64.12110042572021
64.0343406200409
62.93863916397095
56.7325165271759
63.19962430000305
61.7985782623291
60.90135598182678
65.00637006759644
61.1501030921936
54.48677206039429
63.304561138153076
58.38504123687744
60.617462396621704
63.62159276008606
62.945085525512695
63.529202699661255
63.07492971420288
54.247830390930176
60.49467611312866
63.36617374420166
64.4470636844635
63.72196078300476
65.86983108520508
64.50836563110352
63.27139067649841
63.29378533363342
62.746580600738525
63.75752377510071
62.59295105934143
54.73215985298157
63.95879530906677
59.98767137527466
61.76204824447632
64.8432388305664
63.188422441482544
64.27316927909851
63.96005201339722
63.26589751243591
62.524359703063965
64.45753073692322
63.161736726760864
55.96934151649475
63.7189404964447
63.28013515472412
64.1623227596283
64.12180924415588
62.99714255332947
54.92088842391968
63.70999026298523
65.24154806137085
64.98522686958313
61.62974691390991
57.10136151313782
63.10133337974548
63.75399351119995
48.520270586013794
49.947813272476196
62.64902973175049
64.32624554634094
63.51386260986328
63.81560015678406
59.90822410583496
62.48078632354736
52.942832231521606
63.69267702102661
60.40686583518982
60.08400535583496
60.3869903087616
61.186687707901
63.9254105091095
61.23141694068909
61.349459648132324
56.38400650024414
60.054635524749756
61.34186005592346
62.6045880317688
53.46341514587402
62.62412714958191
61.78883218765259
59.26836037635803
62.2912540435791
61.723586082458496
53.627082109451294
62.13256597518921
53.071919441223145
61.57913088798523
59.9264395236969
57.55875492095947
61.771016120910645
62.86527681350708
63.0515615940094
62.2902615070343
62.75137424468994
62.124764919281006
58.70978045463562
60.360564947128296
61.3212833404541
61.578102111816406
62.988903284072876
62.528823137283325
63.36036396026611
62.62524604797363
61.74709153175354
62.827022314071655
60.061347246170044
56.912601709365845
59.56185579299927
61.04974007606506
61.48067760467529
62.43997931480408
60.61449956893921
60.347872495651245
61.98325872421265
62.64340901374817
62.39945387840271
59.830055236816406
60.3036675453186
63.00603938102722
62.13260364532471
62.22976541519165
57.93068194389343
60.691303968429565
60.619365215301514
62.552666664123535
61.13811898231506
60.16117978096008
53.51374697685242
63.3067409992218
60.34933423995972
56.043782234191895
61.77100086212158
61.344475746154785
62.16244387626648
62.09416484832764
57.22980046272278
64.40752363204956
63.01117730140686
62.422900676727295
62.60726594924927
62.9304461479187
65.10697388648987
59.576340675354004
61.243468284606934
59.22692012786865
61.224486112594604
61.64624834060669
60.41999006271362
62.464624881744385
62.62554574012756
62.50065016746521
63.00725317001343
62.47996401786804
53.23723125457764
61.231393814086914
62.78594994544983
62.1500449180603
62.403300046920776
62.618247747421265
52.61369776725769
58.928038358688354
62.665735960006714
60.75619459152222
61.96936249732971
62.354779958724976
59.83650755882263
62.53157353401184
59.52091932296753
59.921295404434204
62.87719678878784
59.40327858924866
60.278899908065796
63.161179065704346
61.7222638130188
61.04773235321045
62.80135703086853
62.70243549346924
62.21011972427368
63.023473262786865
59.1459014415741
62.912150144577026
58.67377519607544
56.29181718826294
63.46200776100159
56.210312843322754
54.34963798522949
58.86078596115112
61.13900279998779
58.48099136352539
61.07659673690796
59.16904664039612
63.09287190437317
61.971001863479614
60.80257821083069
60.54498863220215
61.86910438537598
62.254273653030396
62.008811712265015
63.284080028533936
55.94505167007446
59.34996747970581
62.582643032073975
62.407799243927
62.7349009513855
53.302566051483154
61.53460383415222
61.11336946487427
55.39494585990906
62.611063957214355
60.40910744667053
59.86705303192139
62.231136322021484
59.94569373130798
62.293702840805054
61.65295696258545
54.214858293533325
61.10162830352783
61.21207809448242
61.360286235809326
63.25584936141968
62.867618799209595
55.8246545791626
62.21044182777405
63.15225291252136
59.12356233596802
54.29152226448059
54.63503313064575
55.15618371963501
66.54814887046814
58.656299114227295
58.699695110321045
68.25215005874634
64.1570053100586
65.84640955924988
65.29771995544434
58.19649624824524
65.41615390777588
61.81545948982239
63.06030893325806
65.67887353897095
71.62826442718506
55.695507764816284
62.62475943565369
63.76506423950195
61.661364793777466
57.552818059921265
73.55955290794373
63.74768614768982
64.22773504257202
63.9619677066803
62.884233713150024
63.4864776134491
63.39139723777771
59.86326289176941
63.54236888885498
65.24011611938477
64.19199419021606
62.82269096374512
62.06532406806946
63.23109722137451
63.8780996799469
63.836763858795166
62.90664792060852
58.51440763473511
63.51816749572754
63.92892146110535
61.21606159210205
54.27761101722717
76.58086347579956
60.76662302017212
64.36653780937195
57.71948719024658
55.61367392539978
64.13972997665405
88.1514835357666
62.9578070640564
63.61796307563782
58.32363271713257
62.75713539123535
64.094655752182
76.42336678504944
61.239745140075684
62.94388937950134
63.80645179748535
64.61142086982727
63.61858081817627
60.2402720451355
63.694846630096436
62.97586703300476
57.375913858413696
64.2093734741211
63.18358874320984
65.54660487174988
65.14164447784424
64.16402101516724
54.20374345779419
63.0364785194397
56.693549394607544
68.35313725471497
64.84152626991272
61.20083951950073
63.399468421936035
64.82534646987915
64.0467312335968
64.26699805259705
77.7548656463623
59.51307702064514
60.46078372001648
63.644968032836914
59.427486181259155
62.872551918029785
77.02735233306885
61.556647300720215
56.65904712677002
63.90846920013428
59.89077877998352
64.26884460449219
61.22238755226135
61.1445529460907
54.381696462631226
55.72749733924866
57.77405142784119
57.056182861328125
63.5832839012146
81.7972731590271
60.00823426246643
63.01895809173584
59.639899492263794
63.05538892745972
66.46657943725586
82.94418978691101
64.08344221115112
64.17345952987671
57.94390845298767
61.84634327888489
55.5967276096344
70.66675090789795
64.99020266532898
54.88126182556152
65.00644326210022
64.4398443698883
63.13712668418884
65.76093029975891
60.15086245536804
62.96566653251648
61.2890510559082
64.52385520935059
64.1947033405304
63.64735770225525
75.72449231147766
63.68566918373108
63.18264293670654
60.00230431556702
63.6678421497345
62.46323776245117
59.82371401786804
71.05087375640869
63.340463399887085
62.46103644371033
58.47549486160278
63.516003131866455
58.49917960166931
70.83150339126587
61.719438791275024
63.69122529029846
63.82557535171509
64.70474529266357
53.845402002334595
62.27158546447754
55.91274285316467
63.022042989730835
61.33157444000244
62.28507471084595
62.55075407028198
60.95460844039917
62.15798544883728
61.846699476242065
62.097026348114014
59.60729670524597
54.88430953025818
62.476574420928955
61.911638021469116
62.380107164382935
60.91633415222168
62.02674341201782
59.53393769264221
61.08319592475891
61.12924671173096
61.89748740196228
61.30830764770508
60.95107173919678
56.26235270500183
